1.6251772046089172
1.9227458834648132
1.8867542445659637
1.541565179824829
1.5140108168125153
1.4860056340694427
1.5079687237739563
1.5540924668312073
1.5013274848461151
1.5482396185398102
1.5721652507781982
1.4878093898296356
1.8054633140563965
1.4688873887062073
1.5166576206684113
1.419613242149353
1.795444130897522
1.866802603006363
1.4851854741573334
1.4538488686084747
1.4298432767391205
1.4119386672973633
1.3977669775485992
1.3885921239852905
1.938623070716858
1.3994958698749542
1.3483717441558838
1.3158404231071472
1.3778752088546753
1.665692001581192
1.3327908515930176
1.3632809817790985
1.3895090222358704
1.3192928433418274
1.3474996984004974
1.2708231508731842
1.294542282819748
1.3583272993564606
1.2628043293952942
1.3054077327251434
1.4663755893707275
1.3334670662879944
1.3432138860225677
1.349144071340561
1.4023867845535278
1.2683236300945282
1.2497958838939667
1.3313961923122406
1.1872277855873108
1.1985331773757935
1.2408898174762726
0.323224812746048