5.691068530082703
4.679779350757599
5.829574823379517
5.061901390552521
5.2376731634140015
5.572675704956055
5.771353363990784
5.683738946914673
4.902703285217285
5.193889915943146
5.590172529220581
4.77095502614975
5.0040905475616455
4.396463692188263
4.785235285758972
4.837652325630188
3.733011782169342
3.841059148311615
3.112206280231476
2.649558424949646
2.145027279853821
1.7015578746795654
1.4599129259586334
1.1384930312633514
0.9611907005310059
0.7271121889352798
0.5450285747647285
0.439532995223999
0.6862086802721024
0.6168447881937027
0.8073550462722778
0.8676758259534836
0.5481495708227158
0.5387534722685814
0.5723055824637413
0.5437413528561592
0.6098635643720627
0.497396320104599
0.5892865173518658
0.4353468045592308
0.5675810389220715
0.4620177783071995
0.5755343101918697
0.4289919724687934
0.576129324734211
0.5910162590444088
0.7686467170715332
0.3543536923825741
0.2699675071053207
0.4737466648221016
0.6150876060128212
0.61113590747118
0.34256764501333237
0.3469068817794323
0.4283056256463169
0.39187799394130707
0.5898852199316025
0.3744076266884804
0.25626555549388286
0.27331121945462655
0.4121912941336632
0.5449910089373589
0.5286562442779541
0.4369477778673172
0.397192370146513
0.7303494960069656
0.4337915778160095
0.4121447503566742
0.519637942314148
0.4627356305718422
0.14924326234176988
0.35738798403326655
0.3249236084520817
0.4530770480632782
0.4851394519209862
0.3612027056515217
0.3930530068464577
0.36424316991178785
0.44187671691179276
0.3922790363430977
0.3588737848040182
0.5249472707509995
0.43487249687314034
0.5493250638246536
0.3130083940923214
0.4250171184539795
0.3502739928662777
0.2997703552246094
0.37617404758930206
0.5943295247852802
0.4260463859536685
0.3863782323896885
0.3592317961520166
0.3584390692412853
0.27432993831462227
0.4540460556745529
0.36656907200813293
0.3676576018333435
0.39373907446861267
0.34241094812750816
0.3321959711611271
0.33962293714284897
0.4349469542503357
0.429050549864769
0.4142059311270714
0.2870076671242714
0.27893545664846897
0.4050076471248758
0.4890276789665222
0.18864147757994942
0.42028553038835526
0.2668250575661659
0.39590639248490334
0.38027001422597095
0.5674246251583099
0.26113957539200783
0.34274969436228275
0.41204990446567535
0.2888310141861439
0.59160515666008
0.4663592651486397
0.4213375821709633
0.42671623080968857
0.19085034883755725
0.21997471898794174
0.35037636384367943
0.40524326264858246
0.3024454264668748
0.28163932930328883
0.26962749287486076
0.3725145123898983
0.3399684578180313
0.3117825463414192
0.5758579149842262
0.45418617874383926
0.27404101233696565
0.49374792724847794
0.33474575728178024
0.42948926985263824
0.3991044871509075
0.3399294726550579
0.5101854801177979
0.2863184624402493
0.3579240255057812
0.3986101485788822
0.44291938841342926
0.28080785780912265
0.5229736641049385
0.31925639137625694
0.4849981516599655
0.3863760195672512
0.3153867721557617
0.25131410732865334
0.30866143107414246
0.4841052070260048
0.256452951580286
0.2854206021875143
0.2787555679678917
0.44695430621504784
0.43525373935699463
0.23289596289396286
0.4052919000387192
0.35660598799586296
0.2906427763882675
0.5201572626829147
0.37579844146966934
0.4657626748085022
0.42598555982112885
0.6231687963008881
0.44033680111169815
0.30439139157533646
0.23660981468856335
0.4021638408303261
0.3644944069637859
0.4820111580193043
0.26509009674191475
0.2650098651647568
0.24282722547650337
0.45750094950199127
0.3754730187356472
0.32952027120336425
0.3815309628844261
0.36483803763985634
0.4873506836593151
0.35590608417987823
0.3341980613768101
0.23574597015976906
0.360540010035038
0.3864080607891083
0.3079244801774621
0.4478594735264778
0.4980575814843178
0.45283976942300797
0.34855321572104003
0.4190128855407238
0.3474152088165283
0.3216671230911743
0.3300882615149021
0.48971590399742126
0.36725518107414246
0.4878122955560684
0.3376634120941162
0.3251333124935627
0.4957330822944641
0.3282336127012968
0.291639529823442
0.35835301131010056
0.40589236468076706
0.26901471242308617
0.40996233746409416
0.4315129667520523
0.498567134141922
0.42279052734375
0.3727247565984726
0.25590450296294875
0.33890350908041
0.4371872544288635
0.33272556960582733
0.38420047983527184
0.4735119082033634
0.37024862319231033
0.38977770507335663
0.43331775814294815
0.41815504990518093
0.43710323559935205
0.41868219524621964
0.5214051716029644
0.23554131806304213
0.5976772457361221
0.39027862437069416
0.4138203375041485
0.3458898700773716
0.32268018275499344
0.42396850138902664
0.3933677524328232
0.2937845289707184
0.435395248234272
0.35695595666766167
0.5194306671619415
0.3239367604255676
0.39210909605026245
0.2577519335609395
0.2970040272921324
0.5149571783840656
0.429900124669075
0.42437857389450073
0.3120671287178993
0.39677727967500687
0.37266649305820465
0.350340414326638
0.46520964801311493
0.3670414946973324
0.3106706682010554
0.3319333977997303
0.5018258839845657
0.36213504523038864
0.33043739944696426
0.3841402903199196
0.43158965557813644
0.46598023921251297
0.4020274877548218
0.23400845006108284
0.5724219679832458
0.45574571937322617
0.3549265153706074
0.30181261897087097
0.42846817523241043
0.39338579401373863
0.5001773983240128
0.23192383721470833
0.44445735216140747
0.3746066763997078
0.4429457224905491
0.30340637266635895
0.3671567812561989
0.4552760273218155
0.4370622858405113
0.3821883499622345
0.35413648560643196
0.4092598557472229
0.5130683332681656
0.28826684691011906
0.4515622854232788
0.216902494430542
0.48108866438269615
0.30912112817168236
0.45398759687668644
0.46530652046203613
0.3038124553859234
0.3975194934755564
0.3273739032447338
0.3032013028860092
0.2346086952893529
0.40335918962955475
0.3029521107673645
0.30083942227065563
0.5336163863539696
0.48434438556432724
0.41925405626534484
0.3388570323586464
0.5276632383465767
0.45489782840013504
0.3272158056497574
0.43968982994556427
0.4028679020702839
0.3659816314757336
0.29710137844085693
0.3874685075134039
0.4762057065963745
0.3094666453253012
0.3020948991179466
0.13704859060817398
0.40881651639938354
0.32007735781371593
0.2555580511689186
0.36225561052560806
0.4187629520893097
0.24313714681193233
0.4044742286205292
0.45360077917575836
0.19753661379218102
0.419651560485363
0.42611539363861084
0.319065447896719
0.433027196675539
0.4090750962495804
0.4279921208653832
0.39268675819039345
0.3379225581884384
0.2704796940088272
0.371327992528677
0.40183137357234955
0.29601164534687996
0.4518262930214405
0.3102120775729418
0.4615291953086853
0.326960451900959
0.3661632090806961
0.27623770013451576
0.3245830535888672
0.43010977655649185
0.44416215643286705
0.4398365691304207
0.1876286381884711
0.45470356196165085
0.37271662056446075
0.38931358233094215
0.38915275782346725
0.3246799800544977
0.35616269148886204
0.42584947496652603
0.5135152786970139
0.19965538941323757
0.3568386192273465
0.34683672711253166
0.3962818682193756
0.503426231443882
0.47714918851852417
0.24227423407137394
0.30317366123199463
0.3922981470823288
0.42322930693626404
0.2151757124811411
0.3084137290716171
0.18094566094805487
0.3069966360926628
0.12944285057892557
0.596075177192688
0.5086348801851273
0.276668019592762
0.24426062777638435
0.4049217514693737
0.24272005619422998
0.29102160183538217
0.371857225894928
0.42982105538249016
0.3484843149781227
0.3319963701069355
0.267953944101464
0.2943420103401877
0.3016064530238509
0.2959364950656891
0.4150513596832752
0.3143074195832014
0.2471948754391633
0.502863846719265
0.33879706636071205
0.36778960190713406
0.47967515140771866
0.31464600563049316
0.3319670408964157
0.48325900360941887
0.37644413858652115
0.3401295356452465
0.34624146297574043
0.430586040019989
0.28531570360064507
0.441731583327055
0.30488227494060993
0.33949876949191093
0.2677274561719969
0.33056930743623525
0.30509948916733265
0.32299179397523403
0.33791057765483856
0.34100721031427383
0.49379657953977585
0.22126772931369487
0.41024264693260193
0.29562488198280334
0.4052470587193966
0.28759048134088516
0.33556168526411057
0.34910374134778976
0.37583622336387634
0.4237271547317505
0.2409939542412758
0.36223986744880676
0.40050245448946953
0.4629685804247856
0.29930007085204124
0.44392551481723785
0.5405407603830099
0.30134110525250435
0.17769157700240612
0.25422006845474243
0.2361407199241512
0.4494272992014885
0.2384808175265789
0.5344468280673027
0.5511167161166668
0.4748597741127014
0.23935744707705453
0.3965792581439018
0.3093830243451521
0.42016005516052246
0.3906302936375141
0.6546234637498856
0.4443444199860096
0.3983922377228737
0.313335794955492
0.47179654240608215
0.2905387058854103
0.1923039310495369
0.47576579451560974
0.3883446678519249
0.3703816458582878
0.3999254107475281
0.21167208040424157
0.30009521171450615
0.19691754132509232
0.37493377178907394
0.45568982511758804
0.36023201048374176
0.35099805518984795
0.3891127184033394
0.28188828006386757
0.38979075849056244
0.5235362574458122
0.3007280305027962
0.3145069070160389
0.32564031705260277
0.3901476785540581
0.3729977458715439
0.43907812237739563
0.17248402163386345
0.30908305550110526
0.26336417347192764
0.3417984991247067
0.3125201128423214
0.3337719030678272
0.2770773619413376
0.37785426899790764
0.5124223604798317
0.4110668069915846
0.26017284765839577
0.39855697751045227
0.4652663990855217
0.2301450502127409
0.3131665773689747
0.43892743065953255
0.42751349974423647
0.22469917684793472
0.2949484661221504
0.47614559531211853
0.29483402892947197
0.3550350069999695
0.29430530965328217
0.4404722675681114
0.3149138670414686
0.22447974979877472
0.37943578558042645
0.41513295471668243
0.4355600103735924
0.24333808943629265
0.515568234026432
0.33401811495423317
0.3474753871560097
0.28743787109851837
0.30960214883089066
0.1792989460809622
0.2431834191083908
0.39342253655195236
0.43137224843667354
0.29712217673659325
0.4219761863350868
0.3195815570652485
0.284558022627607
0.3290478549897671
0.1796182245016098
0.2941938377916813
0.31777357310056686
0.3284967988729477
0.2952028065919876
0.176810833356285
0.4087306931614876
0.4071675017476082
0.29045871645212173
0.21316789276897907
0.19216759875416756
0.29128680103167426
0.4992332085967064
0.3083839360624552
0.4743545949459076
0.38665831834077835
0.17055958678975003
0.4236104413866997
0.39338529855012894
0.21402732655405998
0.41212520748376846
0.2369377012946643
0.4028134308755398
0.24566245451569557
0.2793162874877453
0.273814894258976
0.3261622153222561
0.4466237872838974
0.3928091563284397
0.3223494850099087
0.36591194942593575
0.2682840763882268
0.26101064309477806
0.40561315417289734
0.2915761321783066
0.29129287600517273
0.2728031165897846
0.42405711486935616
0.313649445772171
0.354072667658329
0.42144016176462173
0.38156684301793575
0.21454912889748812
0.30116669461131096
0.39535218477249146
0.29382214695215225
0.3734818547964096
0.33065060526132584
0.302203046521754
0.34117838367819786
0.3304530754685402
0.3283703401684761
0.33520013093948364
0.3781350515782833
0.5335025526583195
0.5156041365116835
0.30241659097373486
0.45047680102288723
0.26025379449129105
0.23424155983957462
0.3136424105614424
0.20951269567012787
0.28912308325379854
0.314486026763916
0.3443045988678932
0.3491128496825695
0.31256382539868355
0.3432386890053749
0.350076287984848
0.2602667286992073
0.33108706955681555
0.363049753010273
0.38152701780200005
0.3245953284204006
0.25898302905261517
0.4562295563519001
0.3041036128997803
0.310802161693573
0.25697771209524944
0.3826877549290657
0.2188565944088623
0.3626730516552925
0.21638451144099236
0.298597726970911
0.38071336038410664
0.44088413938879967
0.3666180372238159
0.32247294485569
0.43071776255965233
0.3230363130569458
0.24655309692025185
0.3655516430735588
0.3781679687090218
0.33345796912908554
0.3634732514619827
0.3055106531828642
0.3950760066509247
0.27764346450567245
0.26735534595354693
0.40429145842790604
0.624738335609436
0.3326302357017994
0.39957619458436966
0.28123895451426506
0.30443117767572403
0.43937350809574127
0.3162628263235092
0.4669948108494282
0.35447400048724376
0.24826383963227272
0.4165230579674244
0.23130858689546585
0.2922509238123894
0.4217613410182821
0.3048264292192471
0.40437178686261177
0.30560649931430817
0.29603912122547626
0.375677190721035
0.33084203994076233
0.4833563566207886
0.3505846932530403
0.24453877285122871
0.40167036652565
0.3207870312035084
0.31033262564596953
0.37536145746707916
0.3363426625728607
0.16585477849366725
0.403819294184359
0.3048122934997082
0.32570116594433784
0.5676572844386101
0.23536081612110138
0.30537670478224754
0.29215635897708125
0.33547499775886536
0.2955530025064945
0.26743870228528976
0.34098657220602036
0.35347963497042656
0.34673336520791054
0.3008558675646782
0.5510371252894402
0.3856522962450981
0.36971960961818695
0.37707046419382095
0.2765844315290451
0.24727850779891014
0.1648828263860196
0.3362900838255882
0.3213550882646814
0.3304774984717369
0.3646532744169235
0.4569794237613678
0.39942634478211403
0.29153973050415516
0.34766039438545704
0.36910832300782204
0.33538276329636574
0.23502658828510903
0.4017620049417019
0.4353163279592991
0.26609837263822556
0.38272175937891006
0.223194919526577
0.3883652277290821
0.5247997641563416
0.42293430119752884
0.266606739431154
0.3753370940685272
0.4159789811601513
0.44662244990468025
0.33641879074275494
0.36177586019039154
0.3840833641588688
0.49687647819519043
0.31454481929540634
0.37220805138349533
0.25671639396750834
0.3530541739310138
0.2684950493276119
0.3455718979239464
0.34378325939178467
0.2667890414595604
0.31523120775818825
0.32626376301050186
0.30222804471850395
0.3762059435248375
0.28827039897441864
0.35688341781497
0.4445755109190941
0.35843623723485507
0.4410775676369667
0.5037767291069031
0.4263937324285507
0.39567141979932785
0.5554065108299255
0.27891923587594647
0.28944553062319756
0.25794710688933264
0.3769726790487766
0.45797576755285263
0.40212085098028183
0.35222792625427246
0.3973390646278858
0.3754488676786423
0.4577492121607065
0.19549304991960526
0.45887187123298645
0.21349484829988796
0.32462786088581197
0.4414350688457489
0.2242343556135893
0.2760958429425955
0.3572372905910015
0.5581580772995949
0.3086250654341711
0.45133309066295624
0.4708285704255104
0.5380319580435753
0.24813174168230034
0.2731998898088932
0.4782996103167534
0.266930827870965
0.27247338742017746
0.2760118544101715
0.5241952985525131
0.3192561939358711
0.13035031215986237
0.3790689744055271
0.36389558017253876
0.3778490275144577
0.37067151814699173
0.7196627631783485
0.27166974917054176
0.431735023856163
0.3667719215154648
0.36830491200089455
0.3332112282514572
0.31555313616991043
0.2936174552887678
0.49508071690797806
0.41902168095111847
0.3350468650460243
0.362802617251873
0.4987856075167656
0.3482324481010437
0.40926237031817436
0.41904735937714577
0.36780627630650997
0.4971116706728935
0.303788173943758
0.19390101730823517
0.37761957198381424
0.3756986986845732
0.22061261162161827
0.3346177898347378
0.27225903794169426
0.3088506981730461
0.48035504668951035
0.12879111224538065